"PDBs" "V1" "V2" "V3" "V4" "V5" "V6" "V7" "V8" "V9" "V10" "V11" "V12" "V13" "V14" "mean"
"out0104517.pdb" 0.196 0.468 0.319 0.36 0.27 0.1 0.212 0.237 0.256 0.266 0.414 0.084 0.33 0.215 0.266214285714286
"out0104525.pdb" 0.196 0.468 0.319 0.36 0.27 0.166 0.164 0.237 0.247 0.157 0.415 0.084 0.33 0.216 0.259214285714286
"out0104526.pdb" 0.196 0.468 0.319 0.36 0.27 0.166 0.164 0.237 0.247 0.157 0.245 0.084 0.33 0.216 0.247071428571429
"out0104527.pdb" 0.196 0.468 0.319 0.36 0.27 0.166 0.164 0.237 0.281 0.163 0.245 0.077 0.33 0.215 0.249357142857143
"out0104528.pdb" 0.196 0.468 0.319 0.36 0.27 0.166 0.381 0.237 0.281 0.163 0.245 0.084 0.33 0.215 0.265357142857143
"out0104529.pdb" 0.196 0.468 0.28 0.363 0.27 0.165 0.38 0.237 0.281 0.163 0.245 0.084 0.33 0.215 0.262642857142857
"out0104530.pdb" 0.196 0.468 0.28 0.363 0.27 0.165 0.38 0.108 0.281 0.162 0.245 0.084 0.329 0.216 0.253357142857143
"out0104554.pdb" 0.196 0.468 0.488 0.36 0.27 0.274 0.08 0.076 0.367 0.164 0.187 0.084 0.33 0.215 0.254214285714286
"out0104555.pdb" 0.196 0.468 0.488 0.36 0.27 0.274 0.213 0.076 0.361 0.157 0.245 0.084 0.329 0.215 0.266857142857143
"out0104606.pdb" 0.196 0.169 0.228 0.36 0.27 0.054 0.448 0.23 0.062 0.157 0.244 0.372 0.44 0.303 0.252357142857143
"out0104668.pdb" 0.426 0.168 0.228 0.363 0.157 0.294 0.351 0.035 0.158 0.157 0.362 0.262 0.446 0.312 0.265642857142857
